7 6
65 -68 7 96 -44 -86
-29 8 -17 -1 63 -94
-35 8 14 80 -68 -6
-50 91 -60 -32 82 71
60 -60 -13 90 93 -36
31 -25 -21 -62 2 -37
-74 -65 -43 -3 85 -66
-183339 -70216 -396801 -651752 212621 -178600 153933
-76 -20 -91 69 19 -68

Bounded solution
13952.937255728191303206 0.000000000000000000 16466.268344056818023091 0.000000000000000000 845.033872907984914491 13585.608251427658615285
Traceback (most recent call last):
  File "./stress.py", line 60, in <module>
    assert stdout_lines[0] == 'Infinity'
AssertionError
