2 7
-18 -100 -7 12 97 -40 11
10 -32 70 67 -91 27 -73
754483 597825
-51 -67 11 69 -66 38 19

Infinity

2 4
66 25 36 -64
62 -37 -78 71
895796 369295
-74 -32 -9 -76
Bounded solution
0.000000000000000000 0.000000000000000000 0.000000000000000000 0.000000000000000000

6 5
54 87 30 -78 45
77 -94 -95 -59 -72
-38 14 56 10 -45
-7 -59 13 34 -15
-11 11 71 -12 69
-36 5 -68 -1 -92
96828 199889 133178 244239 540645 739419
95 41 -43 -12 62
Infinity

4 6
70 -75 24 -30 71 -93
55 65 48 45 73 -78
72 86 -89 18 -48 -67
-72 -98 -4 -44 -30 5
485221 -391388 556022 -747917
33 -39 -82 9 51 -53
Infinity
